46.8981 -124.9935 46.8205 -125.0454
46.8205 -125.0454 45.3070 -125.4152
46.8205 -125.0454 45.9323 -125.2991
46.8205 -125.0454 46.1370 -126.1725
46.8205 -125.0454 46.9920 -127.0158
46.8205 -125.0454 47.3178 -125.5346
46.8205 -125.0454 48.1510 -127.0868
46.8205 -125.0454 45.5287 -124.9261
46.8887 -125.1190 45.4261 -128.9100
46.8887 -125.1190 45.4995 -126.2683
46.8887 -125.1190 45.9323 -125.2991
46.8887 -125.1190 46.1370 -126.1725
46.8887 -125.1190 46.6411 -125.2987
46.8887 -125.1190 47.1643 -127.9223
47.0004 -125.3011 46.6645 -128.7894
47.0004 -125.3011 47.8884 -126.1046
47.0004 -125.3011 45.5287 -124.9261
46.0248 -124.9647 45.3057 -125.4145
46.0248 -124.9647 45.8642 -127.9853
46.0248 -124.9647 45.9331 -125.2997
46.0248 -124.9647 46.6402 -125.2991
46.0248 -124.9647 46.7970 -126.1641
46.7996 -125.5161 45.9331 -125.2997
46.7996 -125.5161 47.3188 -125.5344
43.9772 -125.4814 44.1790 -126.2712
43.9772 -125.4814 44.8489 -126.3083
44.1777 -126.2717 44.8476 -126.3069
44.1777 -126.2717 45.0631 -127.1552
44.1777 -126.2717 44.2497 -125.0589
44.1790 -126.2712 44.8274 -129.6805
44.3604 -127.1085 44.8489 -126.3083
44.5342 -128.0376 44.8438 -129.6810
44.5342 -128.0376 45.4261 -128.9100
44.5342 -128.0376 45.5519 -129.6724
44.5342 -128.0376 45.7145 -130.6030
44.5342 -128.0376 45.6865 -127.1252
44.5342 -128.0376 45.8635 -127.9853
44.5342 -128.0376 46.0389 -128.8536
44.5342 -128.0376 46.1761 -129.6438
44.5342 -128.0376 46.3240 -127.0407
44.5342 -128.0376 46.6645 -128.7894
44.5342 -128.0376 46.8440 -129.7139
44.5342 -128.0376 47.1295 -130.6507
44.5342 -128.0376 47.3358 -128.8113
44.5342 -128.0376 47.5315 -129.7078
44.8440 -129.6825 45.1757 -128.0084
44.8440 -129.6825 45.4242 -128.9069
44.8440 -129.6825 46.0395 -128.8531
44.8440 -129.6825 46.6639 -128.7883
44.8440 -129.6825 47.5305 -129.7076
44.8459 -129.6821 47.1282 -130.6385
44.8438 -129.6810 45.1731 -128.0058
44.8438 -129.6810 45.4261 -128.9100
44.8438 -129.6810 45.7145 -130.6030
44.8438 -129.6810 45.6865 -127.1252
44.8438 -129.6810 46.0389 -128.8536
44.8438 -129.6810 46.3240 -127.0407
44.8438 -129.6810 46.5209 -127.9047
44.8438 -129.6810 46.6645 -128.7894
44.8438 -129.6810 46.8440 -129.7139
44.8438 -129.6810 47.1295 -130.6507
44.8438 -129.6810 47.3358 -128.8113
44.8438 -129.6810 47.5315 -129.7078
44.8274 -129.6805 45.0301 -127.1560
44.6534 -125.4653 45.0617 -127.1567
44.6534 -125.4653 45.4995 -126.2683
44.6534 -125.4653 46.0389 -128.8536
44.6534 -125.4653 45.9323 -125.2991
44.6534 -125.4653 47.1643 -127.9223
44.6534 -125.4653 45.5287 -124.9261
44.6577 -125.4670 44.8489 -126.3083
44.6577 -125.4670 45.0301 -127.1560
45.0636 -127.1564 45.1757 -128.0084
45.0636 -127.1564 45.4242 -128.9069
45.0636 -127.1564 45.5531 -129.6727
45.0636 -127.1564 45.6855 -127.1225
45.0636 -127.1564 45.8642 -127.9853
45.0636 -127.1564 46.0395 -128.8531
45.0636 -127.1564 46.1760 -129.6441
45.0636 -127.1564 46.5209 -127.9049
45.0636 -127.1564 46.7970 -126.1641
45.0636 -127.1564 47.1642 -127.9221
45.0636 -127.1564 47.3358 -128.8116
45.0636 -127.1564 47.8725 -128.1972
45.0617 -127.1567 45.1731 -128.0058
45.0617 -127.1567 45.4261 -128.9100
45.0617 -127.1567 45.3070 -125.4152
45.0617 -127.1567 45.4995 -126.2683
45.0617 -127.1567 45.6865 -127.1252
45.0617 -127.1567 45.8635 -127.9853
45.0617 -127.1567 46.0389 -128.8536
45.0617 -127.1567 46.1761 -129.6438
45.0617 -127.1567 46.3240 -127.0407
45.0617 -127.1567 46.5209 -127.9047
45.0617 -127.1567 46.9920 -127.0158
45.0617 -127.1567 47.1643 -127.9223
45.0617 -127.1567 47.3358 -128.8113
45.0617 -127.1567 47.8728 -128.1972
45.1757 -128.0084 45.4242 -128.9069
45.1757 -128.0084 45.5531 -129.6727
45.1757 -128.0084 45.3057 -125.4145
45.1757 -128.0084 45.8642 -127.9853
45.1757 -128.0084 46.0395 -128.8531
45.1757 -128.0084 46.1760 -129.6441
45.1757 -128.0084 46.1378 -126.1721
45.1757 -128.0084 46.6639 -128.7883
45.1757 -128.0084 46.8433 -129.7135
45.1757 -128.0084 46.9920 -127.0159
45.1757 -128.0084 47.3358 -128.8116
45.1757 -128.0084 47.5305 -129.7076
45.1731 -128.0058 45.4261 -128.9100
45.1731 -128.0058 45.5519 -129.6724
45.1731 -128.0058 45.3070 -125.4152
45.1731 -128.0058 45.4995 -126.2683
45.1731 -128.0058 45.6865 -127.1252
45.1731 -128.0058 45.8635 -127.9853
45.1731 -128.0058 46.0389 -128.8536
45.1731 -128.0058 46.1761 -129.6438
45.1731 -128.0058 46.1370 -126.1725
45.1731 -128.0058 46.6645 -128.7894
45.1731 -128.0058 46.8440 -129.7139
45.1731 -128.0058 47.1643 -127.9223
45.1731 -128.0058 48.4811 -127.8293
45.1731 -128.0058 46.1735 -124.9345
45.4242 -128.9069 45.3057 -125.4145
45.4242 -128.9069 45.8642 -127.9853
45.4242 -128.9069 46.0395 -128.8531
45.4242 -128.9069 46.1760 -129.6441
45.4242 -128.9069 46.3230 -127.0390
45.4242 -128.9069 46.5209 -127.9049
45.4242 -128.9069 46.6639 -128.7883
45.4242 -128.9069 46.8433 -129.7135
45.4242 -128.9069 47.5305 -129.7076
45.4242 -128.9069 47.8725 -128.1972
45.4242 -128.9069 48.4810 -127.8292
45.4261 -128.9100 45.5519 -129.6724
45.4261 -128.9100 45.7145 -130.6030
45.4261 -128.9100 45.3070 -125.4152
45.4261 -128.9100 45.4995 -126.2683
45.4261 -128.9100 46.0389 -128.8536
45.4261 -128.9100 46.1761 -129.6438
45.4261 -128.9100 46.3240 -127.0407
45.4261 -128.9100 46.5209 -127.9047
45.4261 -128.9100 46.6645 -128.7894
45.4261 -128.9100 46.8440 -129.7139
45.4261 -128.9100 47.1295 -130.6507
45.4261 -128.9100 46.9920 -127.0158
45.4261 -128.9100 47.5315 -129.7078
45.4261 -128.9100 47.8728 -128.1972
45.4261 -128.9100 48.4811 -127.8293
45.5531 -129.6727 45.8642 -127.9853
45.5531 -129.6727 46.8433 -129.7135
45.5531 -129.6727 46.6402 -125.2991
45.5531 -129.6727 47.1642 -127.9221
45.5531 -129.6727 47.5305 -129.7076
45.5531 -129.6727 47.8725 -128.1972
45.5519 -129.6724 45.6865 -127.1252
45.5519 -129.6724 45.8635 -127.9853
45.5519 -129.6724 46.1370 -126.1725
45.5519 -129.6724 46.5209 -127.9047
45.5519 -129.6724 46.6645 -128.7894
45.5519 -129.6724 46.8440 -129.7139
45.5519 -129.6724 47.1295 -130.6507
45.5519 -129.6724 47.3358 -128.8113
45.5519 -129.6724 47.5315 -129.7078
45.7145 -130.6030 46.0389 -128.8536
45.7145 -130.6030 46.8440 -129.7139
45.7145 -130.6030 47.1295 -130.6507
45.7145 -130.6030 47.3358 -128.8113
45.3057 -125.4145 45.9331 -125.2997
45.3057 -125.4145 46.1378 -126.1721
45.3057 -125.4145 46.7970 -126.1641
45.3070 -125.4152 46.1370 -126.1725
45.3070 -125.4152 46.3240 -127.0407
45.3070 -125.4152 46.6645 -128.7894
45.3070 -125.4152 46.9920 -127.0158
45.3070 -125.4152 47.1643 -127.9223
45.3070 -125.4152 47.5111 -126.4168
45.4989 -126.2668 46.7970 -126.1641
45.4989 -126.2668 46.9920 -127.0159
45.4995 -126.2683 45.8635 -127.9853
45.4995 -126.2683 46.1761 -129.6438
45.4995 -126.2683 47.8728 -128.1972
45.6855 -127.1225 46.0395 -128.8531
45.6855 -127.1225 46.3230 -127.0390
45.6855 -127.1225 46.6639 -128.7883
45.6855 -127.1225 46.8433 -129.7135
45.6855 -127.1225 46.7970 -126.1641
45.6855 -127.1225 47.1642 -127.9221
45.6855 -127.1225 47.5305 -129.7076
45.6855 -127.1225 47.8725 -128.1972
45.6865 -127.1252 46.1761 -129.6438
45.6865 -127.1252 46.1370 -126.1725
45.6865 -127.1252 46.3240 -127.0407
45.6865 -127.1252 46.5209 -127.9047
45.6865 -127.1252 46.6645 -128.7894
45.6865 -127.1252 46.8440 -129.7139
45.6865 -127.1252 47.1643 -127.9223
45.6865 -127.1252 47.3358 -128.8113
45.6865 -127.1252 47.5315 -129.7078
45.6865 -127.1252 47.8728 -128.1972
45.8642 -127.9853 46.0395 -128.8531
45.8642 -127.9853 46.1760 -129.6441
45.8642 -127.9853 46.3230 -127.0390
45.8642 -127.9853 46.5209 -127.9049
45.8642 -127.9853 46.6639 -128.7883
45.8642 -127.9853 46.8433 -129.7135
45.8642 -127.9853 47.5305 -129.7076
45.8635 -127.9853 46.1761 -129.6438
45.8635 -127.9853 46.1370 -126.1725
45.8635 -127.9853 46.5209 -127.9047
45.8635 -127.9853 46.6645 -128.7894
45.8635 -127.9853 46.8440 -129.7139
45.8635 -127.9853 47.3358 -128.8113
45.8635 -127.9853 47.5315 -129.7078
45.8635 -127.9853 47.8728 -128.1972
45.8635 -127.9853 48.6270 -128.7386
46.0395 -128.8531 46.1760 -129.6441
46.0395 -128.8531 46.5209 -127.9049
46.0395 -128.8531 46.8433 -129.7135
46.0395 -128.8531 47.1642 -127.9221
46.0395 -128.8531 47.5096 -126.4153
46.0395 -128.8531 47.8725 -128.1972
46.0389 -128.8536 46.1761 -129.6438
46.0389 -128.8536 46.6645 -128.7894
46.0389 -128.8536 46.8440 -129.7139
46.0389 -128.8536 47.1295 -130.6507
46.0389 -128.8536 47.1643 -127.9223
46.0389 -128.8536 47.3358 -128.8113
46.0389 -128.8536 47.5315 -129.7078
46.0389 -128.8536 47.8728 -128.1972
46.0389 -128.8536 48.4811 -127.8293
46.1760 -129.6441 46.5209 -127.9049
46.1760 -129.6441 47.3358 -128.8116
46.1760 -129.6441 47.5305 -129.7076
46.1761 -129.6438 46.3240 -127.0407
46.1761 -129.6438 46.5209 -127.9047
46.1761 -129.6438 46.6645 -128.7894
46.1761 -129.6438 47.1643 -127.9223
46.1761 -129.6438 47.3358 -128.8113
46.1761 -129.6438 47.5315 -129.7078
46.1761 -129.6438 48.1510 -127.0868
46.1761 -129.6438 48.6270 -128.7386
46.1761 -129.6438 45.5287 -124.9261
45.9331 -125.2997 46.3230 -127.0390
45.9331 -125.2997 46.6402 -125.2991
45.9323 -125.2991 45.5287 -124.9261
46.1378 -126.1721 46.3230 -127.0390
46.1378 -126.1721 46.6639 -128.7883
46.1378 -126.1721 46.7970 -126.1641
46.1378 -126.1721 46.9920 -127.0159
46.1378 -126.1721 47.3358 -128.8116
46.1378 -126.1721 47.5096 -126.4153
46.1370 -126.1725 46.3240 -127.0407
46.1370 -126.1725 46.5209 -127.9047
46.1370 -126.1725 47.1643 -127.9223
46.1370 -126.1725 47.3358 -128.8113
46.1370 -126.1725 47.5111 -126.4168
46.1370 -126.1725 47.8728 -128.1972
46.1370 -126.1725 48.4811 -127.8293
46.3230 -127.0390 47.1642 -127.9221
46.3230 -127.0390 47.8725 -128.1972
46.3240 -127.0407 46.5209 -127.9047
46.3240 -127.0407 47.8728 -128.1972
46.3240 -127.0407 48.1510 -127.0868
46.3240 -127.0407 47.8884 -126.1046
46.3240 -127.0407 46.1735 -124.9345
46.5209 -127.9049 47.1642 -127.9221
46.5209 -127.9049 47.5305 -129.7076
46.5209 -127.9049 47.8883 -126.1040
46.5209 -127.9047 46.6645 -128.7894
46.5209 -127.9047 47.1643 -127.9223
46.5209 -127.9047 47.5315 -129.7078
46.5209 -127.9047 48.1510 -127.0868
46.5209 -127.9047 48.4811 -127.8293
46.6639 -128.7883 47.1642 -127.9221
46.6639 -128.7883 47.3358 -128.8116
46.6639 -128.7883 47.5305 -129.7076
46.6639 -128.7883 47.8725 -128.1972
46.6639 -128.7883 48.4810 -127.8292
46.6645 -128.7894 46.8440 -129.7139
46.6645 -128.7894 46.9920 -127.0158
46.6645 -128.7894 47.1643 -127.9223
46.6645 -128.7894 47.3358 -128.8113
46.6645 -128.7894 47.5315 -129.7078
46.6645 -128.7894 47.8728 -128.1972
46.6645 -128.7894 48.4811 -127.8293
46.6645 -128.7894 48.6270 -128.7386
46.8433 -129.7135 47.3358 -128.8116
46.8433 -129.7135 47.5305 -129.7076
46.8433 -129.7135 47.8725 -128.1972
46.8433 -129.7135 47.8883 -126.1040
46.8440 -129.7139 47.1295 -130.6507
46.8440 -129.7139 47.3358 -128.8113
46.8440 -129.7139 47.5315 -129.7078
46.8440 -129.7139 48.6270 -128.7386
46.8440 -129.7139 47.8884 -126.1046
47.1295 -130.6507 47.5315 -129.7078
47.1295 -130.6507 48.1510 -127.0868
47.1295 -130.6507 48.6270 -128.7386
46.6402 -125.2991 49.1504 -126.7221
46.6411 -125.2987 47.3358 -128.8113
46.6411 -125.2987 47.8884 -126.1046
46.7970 -126.1641 47.8725 -128.1972
46.7970 -126.1641 47.8883 -126.1040
46.9920 -127.0159 47.8725 -128.1972
46.9920 -127.0159 47.8883 -126.1040
46.9920 -127.0158 47.1643 -127.9223
46.9920 -127.0158 48.4811 -127.8293
46.9920 -127.0158 47.8884 -126.1046
46.9920 -127.0158 45.5287 -124.9261
47.1642 -127.9221 47.5305 -129.7076
47.1642 -127.9221 47.8725 -128.1972
47.1642 -127.9221 47.8883 -126.1040
47.1643 -127.9223 47.5315 -129.7078
47.1643 -127.9223 47.8728 -128.1972
47.1643 -127.9223 48.1510 -127.0868
47.3358 -128.8113 47.5315 -129.7078
47.3358 -128.8113 47.8728 -128.1972
47.3358 -128.8113 48.4811 -127.8293
47.3358 -128.8113 48.6270 -128.7386
47.3358 -128.8113 47.8884 -126.1046
47.5305 -129.7076 47.8725 -128.1972
47.5315 -129.7078 47.8728 -128.1972
47.5315 -129.7078 48.1510 -127.0868
47.5315 -129.7078 48.6270 -128.7386
47.3178 -125.5346 47.8728 -128.1972
47.3178 -125.5346 47.8884 -126.1046
47.3178 -125.5346 45.5287 -124.9261
47.8725 -128.1972 48.1500 -127.0842
47.8728 -128.1972 48.1510 -127.0868
47.8728 -128.1972 48.4811 -127.8293
47.8728 -128.1972 49.1504 -126.7222
48.1500 -127.0842 49.1504 -126.7221
48.1500 -127.0842 47.8883 -126.1040
48.1510 -127.0868 48.4811 -127.8293
48.1510 -127.0868 47.8884 -126.1046
48.1510 -127.0868 46.1735 -124.9345
48.4811 -127.8293 49.1504 -126.7222
48.4811 -127.8293 47.8884 -126.1046
49.1504 -126.7221 47.8883 -126.1040
49.1504 -126.7222 46.1735 -124.9345
46.1735 -124.9345 45.5287 -124.9261
